-0.0422781780362,0.794879227877,1507556018.98
0.0179614648223,0.765382766724,1507556018.98
-0.0307772420347,0.797828525305,1507556018.99
-0.0319614615291,0.802242070436,1507556019.01
-0.0387077443302,0.787537187338,1507556019.02
0.0178415905684,0.724832832813,1507556019.05
0.00426538661122,0.708537220955,1507556019.07
-0.0212840922177,0.725027680397,1507556019.08
-0.0203284937888,0.711764872074,1507556019.1
0.0425251238048,0.670248627663,1507556019.12
-0.0313528850675,0.717905342579,1507556019.13
0.0588112771511,0.737160682678,1507556019.14
0.0111772958189,0.746603399515,1507556019.16
0.029837667942,0.703461766243,1507556019.17
0.214592009783,0.618197202682,1507556019.2
0.380926460028,0.554469645023,1507556019.22
0.417702645063,0.541619539261,1507556019.23
0.413993448019,0.511031746864,1507556019.25
0.301267154515,0.61833178997,1507556019.26
0.366343438625,0.593622684479,1507556019.28
0.411012977362,0.60488474369,1507556019.29
0.4155344069,0.61046987772,1507556019.31
0.418166652322,0.551137626171,1507556019.32
0.414603352547,0.557843506336,1507556019.35
0.419423669577,0.571525633335,1507556019.37
0.412477821112,0.569852083921,1507556019.38
0.530178815126,0.603074014187,1507556019.39
0.551647633314,0.532785385847,1507556019.41
0.581982970238,0.453112065792,1507556019.43
0.509575724602,0.601006388664,1507556019.44
0.554185599089,0.540163397789,1507556019.46
0.0,0.0,1507556019.47
0.0,0.0,1507556019.5
0.590733408928,0.519450902939,1507556019.52
0.0,0.0,1507556019.53
0.0,0.0,1507556019.55
0.0,0.0,1507556019.56
0.0,0.0,1507556019.58
0.0,0.0,1507556019.59
0.0,0.0,1507556019.61
0.0,0.0,1507556019.62
0.0,0.0,1507556019.65
0.0,0.0,1507556019.67
0.0,0.0,1507556019.68
0.0,0.0,1507556019.7
0.382708281279,0.397948235273,1507556019.71
0.42497330904,0.576101660728,1507556019.73
0.42497330904,0.576101660728,1507556019.74
0.435317933559,0.592679381371,1507556019.76
0.443395793438,0.586093962193,1507556019.77
0.446467995644,0.563800752163,1507556019.8
0.444614440203,0.535598695278,1507556019.82
0.444614440203,0.535598695278,1507556019.83
0.449477821589,0.602421760559,1507556019.85
0.0,0.0,1507556019.86
0.456772267818,0.637818396091,1507556019.88
0.482521891594,0.564029201865,1507556019.89
0.0,0.0,1507556019.91
0.458378374577,0.628063261509,1507556019.92
0.396689116955,0.642106950283,1507556019.95
0.384368538857,0.658769249916,1507556019.97
0.443170309067,0.660357952118,1507556019.98
0.386208623648,0.669502913952,1507556020.0
0.395436197519,0.547713637352,1507556020.01
0.0,0.0,1507556020.03
0.0,0.0,1507556020.04
0.0,0.0,1507556020.06
0.0,0.0,1507556020.07
0.0,0.0,1507556020.1
0.338458031416,0.598972678185,1507556020.12
0.342549294233,0.51405441761,1507556020.13
0.379512622952,0.526965036988,1507556020.15
0.34586006403,0.541019797325,1507556020.16
0.379089057446,0.506426200271,1507556020.18
0.392562896013,0.521689653397,1507556020.19
0.377378940582,0.513821154833,1507556020.21
0.366678133607,0.521693050861,1507556020.22
0.367552727461,0.519049674273,1507556020.25
0.367011144757,0.543647438288,1507556020.27
0.0,0.0,1507556020.28
0.0,0.0,1507556020.3
0.0,0.0,1507556020.31
0.0,0.0,1507556020.33
0.0,0.0,1507556020.34
0.0,0.0,1507556020.36
0.38252979517,0.56642267108,1507556020.37
0.411637857556,0.63614782691,1507556020.4
0.426682680845,0.662659704685,1507556020.42
0.42965093255,0.673240482807,1507556020.43
0.426152348518,0.679614275694,1507556020.45
0.41435983777,0.661034345627,1507556020.46
0.404389992356,0.611868649721,1507556020.47
0.378028482199,0.597298562527,1507556020.49
0.397973522544,0.555407881737,1507556020.51
0.361803114414,0.506929397583,1507556020.52
0.417204037309,0.547820687294,1507556020.56
0.455152392387,0.524427503347,1507556020.57
0.50972366333,0.484695643187,1507556020.58
0.548441916704,0.475568935275,1507556020.6
0.55884090066,0.486261323094,1507556020.61
0.561594963074,0.487243309617,1507556020.63
0.560784250498,0.476698189974,1507556020.64
0.554436802864,0.461771160364,1507556020.66
0.58872616291,0.438234806061,1507556020.67
0.556720376015,0.48927809298,1507556020.7
0.554410517216,0.474365919828,1507556020.72
0.57038718462,0.413921177387,1507556020.73
0.540394544601,0.527388691902,1507556020.75
0.553669035435,0.457558140159,1507556020.76
0.664751529694,0.453695654869,1507556020.78
0.649818271399,0.478570953012,1507556020.79
0.607589542866,0.510280966759,1507556020.81
0.652425259352,0.485630244017,1507556020.82
0.652433514595,0.49422596395,1507556020.85
0.6755169034,0.440956532955,1507556020.87
0.649338304996,0.486584082246,1507556020.88
0.639164686203,0.489454656839,1507556020.9
0.0,0.0,1507556020.91
0.634548544884,0.486200660467,1507556020.93
0.629420906305,0.486389681697,1507556020.94
0.639253616333,0.45950460434,1507556020.96
0.582997500896,0.509804069996,1507556020.97
0.0,0.0,1507556021.0
0.519233167171,0.427383974195,1507556021.02
0.469123736024,0.381125926971,1507556021.03
0.0,0.0,1507556021.05
0.466105222702,0.367455706,1507556021.06
0.467378884554,0.356097534299,1507556021.08
0.0,0.0,1507556021.09
0.447884142399,0.359342113137,1507556021.11
0.426039785147,0.373562097549,1507556021.12
0.435462117195,0.339634895325,1507556021.15
0.432601571083,0.366224527359,1507556021.17
0.0,0.0,1507556021.18
0.446992263198,0.4080914855,1507556021.2
0.452003955841,0.37953338027,1507556021.21
0.0,0.0,1507556021.23
0.444558650255,0.373186931014,1507556021.24
0.440228849649,0.381264984608,1507556021.26
0.443272203207,0.387173354626,1507556021.28
0.448443114758,0.385349065065,1507556021.3
0.0,0.0,1507556021.32
0.450858399272,0.385225340724,1507556021.33
0.449351340532,0.392560988665,1507556021.35
0.420858830214,0.406715393066,1507556021.36
0.447413057089,0.38183106482,1507556021.38
0.459474161267,0.388177275658,1507556021.39
0.428339183331,0.427700191736,1507556021.41
0.45562967658,0.39287802577,1507556021.42
0.0,0.0,1507556021.45
0.486609503627,0.512496262789,1507556021.47
0.489639237523,0.511153280735,1507556021.48
0.51172554493,0.490325033665,1507556021.5
0.488320827484,0.505407422781,1507556021.51
0.463922977448,0.529839873314,1507556021.53
0.0,0.0,1507556021.54
0.490307897329,0.524160161614,1507556021.56
0.0,0.0,1507556021.57
0.491006672382,0.502697587013,1507556021.6
0.487957239151,0.464143335819,1507556021.62
0.0,0.0,1507556021.63
0.484319597483,0.436509028077,1507556021.64
0.491198033094,0.401557266712,1507556021.66
0.0,0.0,1507556021.68
0.49269798398,0.400790184736,1507556021.69
0.488294184208,0.400916755199,1507556021.71
0.487785041332,0.410684973001,1507556021.72
0.492441415787,0.403627544641,1507556021.75
0.516453444958,0.371029317379,1507556021.77
0.488308891654,0.396491616964,1507556021.78
0.485093593597,0.406475692987,1507556021.8
0.475974261761,0.457470536232,1507556021.81
0.492483437061,0.411821961403,1507556021.83
0.488437026739,0.414809376001,1507556021.84
0.486579179764,0.449882939458,1507556021.86
0.49129357934,0.447154253721,1507556021.87
0.471214473248,0.444391846657,1507556021.9
0.492032855749,0.41825813055,1507556021.91
0.48721216619,0.459638893604,1507556021.93
0.487570509315,0.435688346624,1507556021.95
0.484879657626,0.4323990345,1507556021.96
0.486944437027,0.430492565036,1507556021.98
0.489470183849,0.426403880119,1507556021.99
0.492611080408,0.433603346348,1507556022.01
0.49659511447,0.441659778357,1507556022.02
0.492434740067,0.441913023591,1507556022.05
0.491451486945,0.438006147742,1507556022.07
0.486780151725,0.431186437607,1507556022.08
0.487730965018,0.433186382055,1507556022.1
0.488658592105,0.438559636474,1507556022.11
0.499777585268,0.461618691683,1507556022.13
0.498915702105,0.459557086229,1507556022.14
0.501384794712,0.436736553907,1507556022.16
0.508275434375,0.444664403796,1507556022.17
0.500037252903,0.474463745952,1507556022.2
0.52385699749,0.434236526489,1507556022.22
0.492242544889,0.446879550815,1507556022.23
0.49463891983,0.440362751484,1507556022.25
0.497808367014,0.35119047761,1507556022.26
0.497072115541,0.441100075841,1507556022.28
0.495331034064,0.441466927528,1507556022.29
0.49764560163,0.44738394022,1507556022.31
0.499335378408,0.452344790101,1507556022.32
0.502270579338,0.447639778256,1507556022.35
0.483879774809,0.529933929443,1507556022.37
0.0,0.0,1507556022.38
0.0,0.0,1507556022.4
0.0,0.0,1507556022.41
0.0,0.0,1507556022.43
0.0,0.0,1507556022.44
0.475459188223,0.528917908669,1507556022.45
0.452251136303,0.40377150476,1507556022.47
0.462568253279,0.420349702239,1507556022.5
0.460693761706,0.437321081758,1507556022.52
0.469538718462,0.447562620044,1507556022.53
0.466768234968,0.446683451533,1507556022.55
0.457321211696,0.46971398592,1507556022.56
0.457661390305,0.478918001056,1507556022.58
0.454725310206,0.461475223303,1507556022.59
0.464490741491,0.479249119759,1507556022.61
0.461776852608,0.464811682701,1507556022.62
0.45990075171,0.468760877848,1507556022.65
0.459122419357,0.463745623827,1507556022.67
0.454046428204,0.45894138515,1507556022.68
0.453163594007,0.46240773797,1507556022.7
0.452082023025,0.45519156754,1507556022.71
0.452294886112,0.447616890073,1507556022.73
0.45415070653,0.437342196703,1507556022.74
0.457145318389,0.451461523771,1507556022.76
0.447947591543,0.474572047591,1507556022.77
0.0,0.0,1507556022.8
0.435176685452,0.494592115283,1507556022.82
0.290753483772,0.337863922119,1507556022.83
0.0,0.0,1507556022.85
0.286084674299,0.363798424602,1507556022.86
0.183160316199,0.24955201149,1507556022.88
0.076244994998,0.167599707842,1507556022.89
0.0762617252767,0.174794092774,1507556022.9
0.0580205246806,0.153578817844,1507556022.92
0.0647181794047,0.165477126837,1507556022.95
0.0669137015939,0.140035927296,1507556022.97
0.0,0.0,1507556022.98
0.0439992547035,0.122230231762,1507556022.99
0.0470172464848,0.136697784066,1507556023.01
0.0,0.0,1507556023.03
0.0489024147391,0.139457792044,1507556023.04
0.0509214699268,0.13973993063,1507556023.06
0.135992869735,0.199921429157,1507556023.07
0.119001042098,0.15216281265,1507556023.1
0.115295559168,0.14094029367,1507556023.12
0.110533028841,0.153953783214,1507556023.13
0.105108365417,0.161417037249,1507556023.15
0.10641078651,0.164716824889,1507556023.16
0.131046801805,0.202664390206,1507556023.18
0.137608550489,0.224148623645,1507556023.19
0.169052869081,0.235043495893,1507556023.21
0.143609218299,0.234409406781,1507556023.22
0.169161915779,0.249738007784,1507556023.25
0.106847047806,0.215268939734,1507556023.27
0.142966147512,0.234904162586,1507556023.28
0.155835330486,0.189092054963,1507556023.3
0.11900331825,0.224986881018,1507556023.31
0.138135045767,0.214178651571,1507556023.33
0.0,0.0,1507556023.34
0.115208595991,0.258854269981,1507556023.36
0.175004646182,0.302946895361,1507556023.37
0.111935943365,0.251590251923,1507556023.4
0.142587557435,0.267524689436,1507556023.42
0.0,0.0,1507556023.43
0.1368855685,0.253368198872,1507556023.44
0.135275274515,0.246420651674,1507556023.46
0.0,0.0,1507556023.48
0.138195294887,0.250316023827,1507556023.49
0.131528921425,0.247530534863,1507556023.51
0.126719024032,0.240216381848,1507556023.52
0.107715167105,0.23567199707,1507556023.55
0.0,0.0,1507556023.57
0.130251131952,0.225883856416,1507556023.58
0.112079039216,0.23960468173,1507556023.6
0.0,0.0,1507556023.61
0.122465845197,0.242140099406,1507556023.62
0.13160276413,0.257202371955,1507556023.64
0.0,0.0,1507556023.66
0.13381139189,0.251331992447,1507556023.67
0.0,0.0,1507556023.7
0.129375100136,0.244971983135,1507556023.72
0.128896337003,0.243059851229,1507556023.73
0.0,0.0,1507556023.75
0.126790642738,0.241423271596,1507556023.76
0.130044106394,0.234355777502,1507556023.78
0.0,0.0,1507556023.79
0.132639892399,0.229068152606,1507556023.81
0.0,0.0,1507556023.82
0.130244582891,0.233807936311,1507556023.85
0.12836638093,0.235368192196,1507556023.87
0.0,0.0,1507556023.88
0.128953300416,0.227617941797,1507556023.9
0.128477502614,0.228408716619,1507556023.91
0.0,0.0,1507556023.93
0.127890191972,0.225543960929,1507556023.94
0.121675141156,0.21410151571,1507556023.96
0.120918832719,0.199724860489,1507556023.97
0.126615520567,0.212605841458,1507556024.0
0.150266423821,0.0900432169437,1507556024.02
0.120748568326,0.129185497761,1507556024.03
0.114907033741,0.12483889237,1507556024.05
0.0,0.0,1507556024.06
0.115611091256,0.132573403418,1507556024.08
0.123055271804,0.136726025492,1507556024.09
0.0,0.0,1507556024.11
0.118627946824,0.139270618558,1507556024.12
0.0,0.0,1507556024.15
0.112448528409,0.188044890761,1507556024.16
0.111801125109,0.178255580366,1507556024.18
0.0,0.0,1507556024.2
0.117010567337,0.182184025645,1507556024.21
0.122115027159,0.202824227512,1507556024.23
0.0,0.0,1507556024.24
0.120149705559,0.208894275129,1507556024.26
0.0,0.0,1507556024.27
0.119930379093,0.207643069327,1507556024.3
0.122521921992,0.205386728048,1507556024.32
0.0,0.0,1507556024.33
0.11986964196,0.195891648531,1507556024.35
0.11889129132,0.191314101219,1507556024.36
0.0,0.0,1507556024.38
0.122167050838,0.206879429519,1507556024.39
0.121465407312,0.211726017296,1507556024.41
0.122969307005,0.22289108485,1507556024.42
0.123675756156,0.212938882411,1507556024.45
0.119877837598,0.164113670588,1507556024.47
0.139969781041,0.190710872412,1507556024.48
0.303040593863,0.229444652796,1507556024.5
0.0,0.0,1507556024.51
0.469872236252,0.22527641058,1507556024.53
0.730866521597,0.258131057024,1507556024.54
0.0,0.0,1507556024.56
0.734225332737,0.228348821402,1507556024.57
0.0,0.0,1507556024.6
0.754531681538,0.226155646145,1507556024.62
0.75358915329,0.218986712396,1507556024.63
0.0,0.0,1507556024.65
0.79924684763,0.232600197196,1507556024.66
0.840469121933,0.243379101157,1507556024.68
0.0,0.0,1507556024.69
0.811000138521,0.239176139235,1507556024.71
0.0,0.0,1507556024.72
0.802193850279,0.233912006021,1507556024.75
0.826915502548,0.252434909344,1507556024.77
0.0,0.0,1507556024.78
0.832383185625,0.246126495302,1507556024.8
0.846882820129,0.230013698339,1507556024.81
0.0,0.0,1507556024.83
0.860171735287,0.201593458652,1507556024.84
0.846868097782,0.215012431145,1507556024.86
0.846727073193,0.22873582691,1507556024.87
0.823716282845,0.241329535842,1507556024.9
0.0,0.0,1507556024.92
0.853765249252,0.231200240552,1507556024.93
0.859806418419,0.199388355017,1507556024.95
0.0,0.0,1507556024.96
0.863253653049,0.232760936022,1507556024.98
0.835698783398,0.268342554569,1507556024.99
0.0,0.0,1507556025.01
0.0,0.0,1507556025.02
0.0,0.0,1507556025.05
0.0,0.0,1507556025.07
0.0,0.0,1507556025.08
0.0,0.0,1507556025.1
0.837278962135,0.328444004059,1507556025.11
0.814334750175,0.277995690703,1507556025.13
0.0,0.0,1507556025.14
0.837943762541,0.240746840835,1507556025.16
0.0,0.0,1507556025.17
0.834855079651,0.246384441853,1507556025.2
0.834548771381,0.24512039125,1507556025.22
0.0,0.0,1507556025.23
0.838124811649,0.240196980536,1507556025.24
0.840239286423,0.22990475595,1507556025.26
0.0,0.0,1507556025.28
0.814078211784,0.277719251812,1507556025.29
0.814934939146,0.2892119959,1507556025.31
0.811956763268,0.348448932171,1507556025.32
0.813492745161,0.304851174355,1507556025.35
0.0,0.0,1507556025.37
0.809409737587,0.305260255933,1507556025.38
0.806990116835,0.308400124311,1507556025.4
0.0,0.0,1507556025.41
0.798856556416,0.275080800056,1507556025.42
0.807188242674,0.31942127645,1507556025.44
0.0,0.0,1507556025.46
0.808694779873,0.321482241154,1507556025.47
0.0,0.0,1507556025.5
0.80957916379,0.313905313611,1507556025.52
0.808561772108,0.323539227247,1507556025.53
0.0,0.0,1507556025.55
0.807091891766,0.307884722948,1507556025.56
0.811880081892,0.29624991864,1507556025.58
0.0,0.0,1507556025.59
0.812742650509,0.303225889802,1507556025.61
0.0,0.0,1507556025.62
0.814300209284,0.295052476227,1507556025.65
0.823914527893,0.282092057168,1507556025.67
0.0,0.0,1507556025.68
0.82472640276,0.276351630688,1507556025.7
0.825578629971,0.282796099782,1507556025.71
0.0,0.0,1507556025.73
0.823217004538,0.288584128022,1507556025.74
0.820024460554,0.288080185652,1507556025.76
0.824511110783,0.288882516325,1507556025.77
0.855124592781,0.197694197297,1507556025.8
0.0,0.0,1507556025.82
0.828633397818,0.276948839426,1507556025.83
0.831652671099,0.277809992433,1507556025.85
0.0,0.0,1507556025.86
0.825560331345,0.28420239687,1507556025.88
0.821451097727,0.286908484995,1507556025.89
0.0,0.0,1507556025.91
0.826278030872,0.280359350145,1507556025.92
0.0,0.0,1507556025.95
0.82360213995,0.296260461211,1507556025.97
0.817539304495,0.293084770441,1507556025.98
0.0,0.0,1507556026.0
0.810598492622,0.32450902462,1507556026.01
0.821722209454,0.271326392889,1507556026.03
0.0,0.0,1507556026.04
0.81466126442,0.305966570973,1507556026.06
0.0,0.0,1507556026.07
0.816954851151,0.303719580173,1507556026.1
0.830371230841,0.281781390309,1507556026.12
0.0,0.0,1507556026.13
0.819304257631,0.289250999689,1507556026.15
0.817766308784,0.294762507081,1507556026.16
0.0,0.0,1507556026.18
0.816789776087,0.294640660286,1507556026.2
0.821432650089,0.289896264672,1507556026.21
0.818467497826,0.265973180532,1507556026.22
0.77923348546,0.290840983391,1507556026.26
0.0,0.0,1507556026.28
0.574661701918,0.465753152966,1507556026.28
0.400982692838,0.54282002151,1507556026.3
0.0,0.0,1507556026.31
0.234927132726,0.719515323639,1507556026.33
0.244230955839,0.750818133354,1507556026.34
0.244230955839,0.750818133354,1507556026.36
0.372062206268,0.854934692383,1507556026.37
0.391607522964,0.691722035408,1507556026.4
0.413555949926,0.621646553278,1507556026.41
0.503495693207,0.64938390255,1507556026.43
0.0,0.0,1507556026.45
0.514638513327,0.572103872895,1507556026.46
0.511762455106,0.587027102709,1507556026.48
0.0,0.0,1507556026.49
0.501930207014,0.528627276421,1507556026.51
0.486495375633,0.580439865589,1507556026.52
0.502125278115,0.553445070982,1507556026.55
0.51738101244,0.522837281227,1507556026.57
0.513954341412,0.547892093658,1507556026.58
0.497177138925,0.483076035976,1507556026.6
0.496405810118,0.487990826368,1507556026.61
0.470186591148,0.509439229965,1507556026.63
0.502513885498,0.507725536823,1507556026.64
0.503458827734,0.511154025793,1507556026.66
0.499592766166,0.500547587872,1507556026.67
0.49550023675,0.513561561704,1507556026.7
0.475460469723,0.538128256798,1507556026.72
0.49393337965,0.517440035939,1507556026.73
0.492818176746,0.512122601271,1507556026.75
0.494152575731,0.516148775816,1507556026.76
0.496088624001,0.505239188671,1507556026.78
0.501444011927,0.503086343408,1507556026.79
0.477659523487,0.526725709438,1507556026.81
0.473932743073,0.528489589691,1507556026.82
0.473932743073,0.528489589691,1507556026.85
0.462223082781,0.531912326813,1507556026.87
0.467284739017,0.517577409744,1507556026.88
0.0,0.0,1507556026.9
0.465562075377,0.50707501173,1507556026.91
0.495928108692,0.523210138083,1507556026.93
0.0,0.0,1507556026.94
0.495575115085,0.511897191405,1507556026.96
0.0,0.0,1507556026.97
0.491091787815,0.501123815775,1507556027.0
0.492181926966,0.493569225073,1507556027.02
0.0,0.0,1507556027.03
0.506221815944,0.505007177591,1507556027.05
0.504349797964,0.507733434439,1507556027.06
0.0,0.0,1507556027.08
0.498117431998,0.507441908121,1507556027.09
0.493589520454,0.511772274971,1507556027.11
0.491090029478,0.506544917822,1507556027.12
0.495145529509,0.495455831289,1507556027.15
0.0,0.0,1507556027.17
0.0,0.0,1507556027.18
0.468843907118,0.539122581482,1507556027.2
0.0,0.0,1507556027.21
0.46319681406,0.537901997566,1507556027.23
0.491324841976,0.496052518487,1507556027.24
0.0,0.0,1507556027.26
0.497472763062,0.528699547052,1507556027.27
0.0,0.0,1507556027.3
0.519980967045,0.482720792294,1507556027.32
0.494269385934,0.499350249767,1507556027.33
0.0,0.0,1507556027.35
0.489965319633,0.49864500761,1507556027.36
0.488532036543,0.50710695982,1507556027.38
0.0,0.0,1507556027.39
0.484810620546,0.511841073632,1507556027.41
0.456222951412,0.552070140839,1507556027.42
0.487331956625,0.507611513138,1507556027.45
0.489895761013,0.506957650185,1507556027.47
0.522666037083,0.469356060028,1507556027.48
0.494312822819,0.511581093073,1507556027.49
0.492399394512,0.50681167841,1507556027.51
0.519883990288,0.462755382061,1507556027.53
0.48760175705,0.504110530019,1507556027.54
0.492862120271,0.50217795372,1507556027.56
0.495203465223,0.509788393974,1507556027.57
0.493276894093,0.515706241131,1507556027.6
0.0,0.0,1507556027.62
0.490950420499,0.500258177519,1507556027.63
0.497142568231,0.501465603709,1507556027.65
0.0,0.0,1507556027.66
0.503508418798,0.50949896872,1507556027.68
0.504366546869,0.510896831751,1507556027.69
0.0,0.0,1507556027.71
0.497221380472,0.502565324306,1507556027.72
0.0,0.0,1507556027.75
0.466435104609,0.553131818771,1507556027.77
0.475635826588,0.531422793865,1507556027.78
0.522110104561,0.45586130023,1507556027.8
0.504978433251,0.496335506439,1507556027.81
0.501275852323,0.514635667205,1507556027.83
0.0,0.0,1507556027.84
0.49774029851,0.522723332047,1507556027.86
0.0,0.0,1507556027.87
0.464901059866,0.537284135818,1507556027.9
0.492001488805,0.528843909502,1507556027.92
0.0,0.0,1507556027.93
0.492052212358,0.525059521198,1507556027.95
0.493137031794,0.522017776966,1507556027.96
0.464606523514,0.561373770237,1507556027.98
0.491278678179,0.520161747932,1507556027.99
0.494462788105,0.517617195845,1507556028.01
0.501647382975,0.524509310722,1507556028.02
0.497102707624,0.528625831008,1507556028.05
0.482798278332,0.605943381786,1507556028.07
0.491425901651,0.543533802032,1507556028.08
0.358610719442,0.663200974464,1507556028.1
0.0,0.0,1507556028.11
0.16489457339,0.702870488167,1507556028.13
0.0849060975015,0.748090207577,1507556028.14
0.105594389141,0.770128667355,1507556028.16
0.0757113844156,0.7626516819,1507556028.17
0.0,0.0,1507556028.2
0.138602137566,0.815675616264,1507556028.22
0.13736449182,0.846701204777,1507556028.23
0.134475141764,0.808484256268,1507556028.25
0.106881603599,0.853690981865,1507556028.26
0.126193091273,0.845417648554,1507556028.28
0.0997980833054,0.804290115833,1507556028.29
0.0848223045468,0.810381293297,1507556028.31
0.0,0.0,1507556028.32
0.0901000909507,0.813983470201,1507556028.35
0.0912896096706,0.793988764286,1507556028.37
0.0,0.0,1507556028.38
0.0903645865619,0.786666512489,1507556028.39
0.0960987098515,0.803570210934,1507556028.41
0.0,0.0,1507556028.43
0.0998380333185,0.817798793316,1507556028.44
0.107716143131,0.819141060114,1507556028.46
0.100878939033,0.821600496769,1507556028.47
0.0,0.0,1507556028.5
0.0,0.0,1507556028.52
0.0976363942027,0.813047319651,1507556028.53
0.0903913918883,0.830846428871,1507556028.55
0.0,0.0,1507556028.56
0.0880234856158,0.824423670769,1507556028.58
0.122504062951,0.832305967808,1507556028.59
0.0,0.0,1507556028.61
0.0552166216075,0.816964507103,1507556028.62
0.0,0.0,1507556028.65
0.0940556190908,0.842600882053,1507556028.67
0.0696818903089,0.824044883251,1507556028.68
0.0,0.0,1507556028.7
0.0859744399786,0.827325195074,1507556028.71
0.0808881092817,0.81969204545,1507556028.73
0.0,0.0,1507556028.74
0.074136197567,0.814185917377,1507556028.76
0.0,0.0,1507556028.77
0.0966518521309,0.816193699837,1507556028.8
0.0661787874997,0.812323898077,1507556028.82
0.0,0.0,1507556028.83
0.0746443457901,0.816248804331,1507556028.85
0.0377047918737,0.795539557934,1507556028.86
0.0,0.0,1507556028.88
0.0646378174424,0.806735575199,1507556028.89
0.0603846218437,0.806881636381,1507556028.91
0.060090597719,0.823352336884,1507556028.92
0.0738981273025,0.832257032394,1507556028.95
0.106912307441,0.82392001152,1507556028.97
0.0752897374332,0.827315241098,1507556028.98
0.0712625086308,0.818679243326,1507556029.0
0.0979624167085,0.802716374397,1507556029.01
0.0780176855624,0.813130825758,1507556029.03
0.0809118226171,0.823552668095,1507556029.04
0.127796724439,0.803138911724,1507556029.06
0.0874048024416,0.81954523921,1507556029.07
0.121191889048,0.834823906422,1507556029.1
0.0809788312763,0.828380644321,1507556029.12
0.0498519651592,0.826175630093,1507556029.13
0.103821650147,0.821886897087,1507556029.15
0.0753356870264,0.811016917229,1507556029.16
0.0,0.0,1507556029.18
0.108775526285,0.832835316658,1507556029.19
0.0816034916788,0.8192666471,1507556029.21
0.108796522021,0.822159826756,1507556029.22
0.0812284238636,0.822684705257,1507556029.25
0.0556285269558,0.867072343826,1507556029.27
0.0,0.0,1507556029.28
0.0812650881708,0.846341192722,1507556029.3
0.102531336248,0.834639012814,1507556029.31
0.0931789502501,0.830137908459,1507556029.33
0.0767914764583,0.848258733749,1507556029.34
0.08148756437,0.848196238279,1507556029.36
0.0863440521061,0.814215511084,1507556029.37
0.0767432190478,0.839226603508,1507556029.4
0.0967958495021,0.823188364506,1507556029.42
0.0763798542321,0.838273882866,1507556029.43
0.100411608815,0.839195489883,1507556029.45
0.100411608815,0.839195489883,1507556029.46
0.100995332003,0.826794803143,1507556029.48
0.0823895037174,0.828907102346,1507556029.49
0.111809380352,0.83442234993,1507556029.51
0.0800462495536,0.83745777607,1507556029.52
0.103131398559,0.828642725945,1507556029.55
0.0803631711751,0.854091733694,1507556029.57
0.117154955864,0.842806220055,1507556029.58
0.117154955864,0.842806220055,1507556029.6
0.0826572943479,0.845662415028,1507556029.61
0.078460264951,0.829419195652,1507556029.63
0.113457411528,0.834304332733,1507556029.64
0.0834722556174,0.835997015238,1507556029.66
0.113168388605,0.833885133266,1507556029.67
0.0828802064061,0.825332462788,1507556029.7
0.0928636081517,0.829594284296,1507556029.72
0.127915859222,0.841438412666,1507556029.73
0.0910106375813,0.837222546339,1507556029.75
0.0821994356811,0.845417201519,1507556029.76
0.110354632139,0.825845241547,1507556029.78
0.095524430275,0.844180941582,1507556029.79
0.129813827574,0.867382735014,1507556029.81
0.337418481708,0.847031056881,1507556029.82
0.686962962151,0.815862417221,1507556029.85
0.0,0.0,1507556029.87
0.487785167992,0.863834142685,1507556029.88
0.0,0.0,1507556029.9
0.890254020691,0.787379086018,1507556029.91
0.831456810236,0.840374171734,1507556029.93
0.783223748207,0.869440853596,1507556029.94
0.0,0.0,1507556029.96
0.833347439766,0.890417098999,1507556029.97
0.0,0.0,1507556030.0
0.899319946766,0.891026854515,1507556030.02
0.882355690002,0.93399810791,1507556030.03
0.0,0.0,1507556030.05
0.882817924023,0.920121669769,1507556030.06
0.884824663401,0.869549691677,1507556030.08
0.0,0.0,1507556030.09
0.894190788269,0.91051530838,1507556030.11
0.0,0.0,1507556030.12
0.885145425797,0.908528089523,1507556030.15
0.912117302418,0.871552109718,1507556030.17
0.0,0.0,1507556030.18
0.919284164906,0.868803471327,1507556030.2
0.915694564581,0.868638366461,1507556030.21
0.0,0.0,1507556030.23
0.90968260169,0.872797995806,1507556030.24
0.90652525425,0.87097877264,1507556030.26
0.912414520979,0.859127759933,1507556030.27
0.912473142147,0.861316949129,1507556030.3
0.0,0.0,1507556030.32
0.914546847343,0.865659594536,1507556030.33
0.911019086838,0.923573791981,1507556030.35
0.0,0.0,1507556030.36
0.916366040707,0.811711370945,1507556030.38
0.906981796026,0.883868336678,1507556030.39
0.0,0.0,1507556030.41
0.908670544624,0.861748129129,1507556030.42
0.0,0.0,1507556030.45
0.905887722969,0.871238976717,1507556030.47
0.910240054131,0.883275479078,1507556030.48
0.0,0.0,1507556030.5
0.898070335388,0.858226954937,1507556030.51
0.94162607193,0.934398412704,1507556030.53
0.0,0.0,1507556030.54
0.0,0.0,1507556030.56
0.0,0.0,1507556030.57
0.0,0.0,1507556030.61
0.0,0.0,1507556030.62
0.0,0.0,1507556030.63
0.0,0.0,1507556030.65
0.917061567307,0.818714737892,1507556030.66
0.0,0.0,1507556030.68
0.925215244293,0.843232035637,1507556030.69
0.908944100142,0.887447983027,1507556030.71
0.912658631802,0.882953882217,1507556030.72
0.91530919075,0.871537595987,1507556030.76
0.0,0.0,1507556030.77
0.924808740616,0.875412464142,1507556030.78
0.901869654655,0.93152654171,1507556030.8
0.0,0.0,1507556030.81
0.900207042694,0.868775367737,1507556030.83
0.89859226346,0.871385455132,1507556030.84
0.0,0.0,1507556030.86
0.885712385178,0.922132134438,1507556030.87
0.0,0.0,1507556030.9
0.890624761581,0.906894922256,1507556030.92
0.898253649473,0.860817313194,1507556030.93
0.0,0.0,1507556030.95
0.909184336662,0.799269258976,1507556030.96
0.890008509159,0.883286327124,1507556030.98
0.0,0.0,1507556030.99
0.893738478422,0.883287459612,1507556031.01
0.0,0.0,1507556031.02
0.900898009539,0.877671420574,1507556031.05
0.914395898581,0.870122641325,1507556031.07
0.0,0.0,1507556031.08
0.916490584612,0.854096800089,1507556031.1
0.912415355444,0.852182686329,1507556031.11
0.0,0.0,1507556031.13
0.91199940443,0.860485196114,1507556031.14
0.910663872957,0.878874123096,1507556031.16
0.912923485041,0.878335863352,1507556031.17
0.92019495368,0.862588167191,1507556031.2
0.0,0.0,1507556031.22
0.913374632597,0.879127770662,1507556031.23
0.899579584599,0.894907921553,1507556031.25
0.0,0.0,1507556031.26
0.925480306149,0.849062263966,1507556031.28
0.912808954716,0.881845772266,1507556031.29
0.0,0.0,1507556031.31
0.904330968857,0.900782465935,1507556031.32
0.0,0.0,1507556031.36
0.908955156803,0.894730418921,1507556031.37
0.912948429585,0.87791454792,1507556031.38
0.0,0.0,1507556031.4
0.896229565144,0.896311283112,1507556031.41
0.910706937313,0.87201154232,1507556031.43
0.0,0.0,1507556031.44
0.902284026146,0.880653768778,1507556031.46
0.0,0.0,1507556031.47
0.909624159336,0.8774510324,1507556031.5
0.902743309736,0.897948712111,1507556031.52
0.0,0.0,1507556031.53
0.914405584335,0.858554720879,1507556031.55
0.900499522686,0.880668878555,1507556031.56
0.0,0.0,1507556031.58
0.900662004948,0.870062917471,1507556031.59
0.876822769642,0.885846138,1507556031.61
0.893175065517,0.844535708427,1507556031.62
0.600615233183,0.684698477387,1507556031.65
0.0,0.0,1507556031.67
0.235351540148,0.503858953714,1507556031.68
0.191140592098,0.477770149708,1507556031.7
0.0,0.0,1507556031.71
0.244971618056,0.55569756031,1507556031.72
0.169826388359,0.514736771584,1507556031.74
0.0,0.0,1507556031.76
0.0,0.0,1507556031.77
0.0,0.0,1507556031.8
0.0,0.0,1507556031.82
0.0,0.0,1507556031.83
0.0,0.0,1507556031.85
0.0,0.0,1507556031.86
0.0,0.0,1507556031.88
0.0,0.0,1507556031.89
0.0,0.0,1507556031.91
0.0,0.0,1507556031.92
0.0611692387611,0.466666638851,1507556031.95
0.0793390143663,0.458663552999,1507556031.97
0.0,0.0,1507556031.98
0.0772082731128,0.450323879719,1507556032.0
0.0736942738295,0.436619445682,1507556032.01
0.0,0.0,1507556032.03
0.0779590029269,0.44239358604,1507556032.04
0.075531270355,0.456328183413,1507556032.06
0.0894998162985,0.470807954669,1507556032.07
0.0911716781557,0.464496701956,1507556032.1
0.0,0.0,1507556032.12
0.0909694582224,0.456864178181,1507556032.13
0.0956841446459,0.47331354022,1507556032.15
0.0,0.0,1507556032.16
0.10347912088,0.470650970936,1507556032.18
0.100220873952,0.465104103088,1507556032.19
0.0,0.0,1507556032.21
0.10016194731,0.45929838717,1507556032.22
0.0,0.0,1507556032.25
0.104631166905,0.469229832292,1507556032.27
0.138624072075,0.493321806192,1507556032.28
0.0,0.0,1507556032.3
0.102787323296,0.484287962317,1507556032.31
0.0685520097613,0.467467695475,1507556032.33
0.0,0.0,1507556032.34
0.107312630862,0.474520653486,1507556032.36
0.0,0.0,1507556032.37
0.102915816009,0.467571467161,1507556032.4
0.108807832003,0.501938909292,1507556032.42
0.0,0.0,1507556032.43
0.112964056432,0.519016772509,1507556032.44
0.113414365798,0.503323495388,1507556032.46
0.0,0.0,1507556032.48
0.112188220024,0.499304667115,1507556032.49
0.0820876657963,0.505722224712,1507556032.51
0.0909691005945,0.493535846472,1507556032.52
0.114936009049,0.484659105539,1507556032.55
0.12207917124,0.430858433247,1507556032.57
0.129628814757,0.46616512537,1507556032.58
0.129743035883,0.470880359411,1507556032.6
0.0,0.0,1507556032.61
0.146045461297,0.50183904171,1507556032.63
0.122237566859,0.523453205824,1507556032.64
0.0,0.0,1507556032.66
0.131011847407,0.474744856358,1507556032.67
0.0,0.0,1507556032.7
0.115260213614,0.49905513227,1507556032.71
0.112698726356,0.485748410225,1507556032.73
0.0,0.0,1507556032.75
0.107775378972,0.487940639257,1507556032.76
0.108962021768,0.490935891867,1507556032.78
0.0,0.0,1507556032.79
0.110463451594,0.489262461662,1507556032.81
0.0,0.0,1507556032.82
0.140452504158,0.482357829809,1507556032.85
0.111212607473,0.498782128096,1507556032.87
0.0,0.0,1507556032.88
0.107910685241,0.497973561287,1507556032.9
0.0721007063985,0.501405239105,1507556032.91
0.0,0.0,1507556032.93
0.102528311312,0.493665516376,1507556032.94
0.107488453388,0.501242443919,1507556032.96
0.108916133642,0.50220823288,1507556032.97
0.108267556876,0.498262763023,1507556033.0
0.0,0.0,1507556033.02
0.10989613831,0.496118918061,1507556033.03
0.110671576113,0.495635330677,1507556033.05
0.0,0.0,1507556033.06
0.104291815311,0.489155262709,1507556033.08
0.10424637422,0.490428447723,1507556033.09
0.0,0.0,1507556033.11
0.103774044663,0.498133927584,1507556033.12
0.0,0.0,1507556033.15
0.114056658,0.505448848009,1507556033.17
0.108334004879,0.483765423298,1507556033.18
0.0,0.0,1507556033.2
0.109705921263,0.481519833207,1507556033.21
0.130201131105,0.480102524161,1507556033.23
0.0,0.0,1507556033.24
0.233334794641,0.421423912048,1507556033.26
0.0,0.0,1507556033.27
0.236323922873,0.407012209296,1507556033.3
0.485457986593,0.17813757062,1507556033.32
0.0,0.0,1507556033.33
0.508746087551,0.12867192924,1507556033.35
0.485533803701,0.176317982376,1507556033.36
0.0,0.0,1507556033.38
0.485985904932,0.187610067427,1507556033.39
0.484510600567,0.195259690285,1507556033.41
0.477060958743,0.186848416924,1507556033.42
0.476678967476,0.181901499629,1507556033.46
0.4646525383,0.200848132372,1507556033.47
0.487109839916,0.200200468302,1507556033.48
0.482777267694,0.209675505757,1507556033.5
0.491002500057,0.245609283447,1507556033.51
0.489937901497,0.246613755822,1507556033.53
0.487180352211,0.254893809557,1507556033.54
0.530153751373,0.247196227312,1507556033.56
0.493728935719,0.227383211255,1507556033.57
0.0,0.0,1507556033.6
0.494986385107,0.200329072773,1507556033.62
0.49513566494,0.206386126578,1507556033.63
0.0,0.0,1507556033.65
0.497205749154,0.203841127455,1507556033.66
0.498499974608,0.186090424657,1507556033.68
0.0,0.0,1507556033.69
0.491506367922,0.16222281754,1507556033.71
0.0,0.0,1507556033.72
0.487688034773,0.163337111473,1507556033.75
0.482866317034,0.164496444166,1507556033.77
0.0,0.0,1507556033.79
0.483256846666,0.157847888768,1507556033.8
0.488867968321,0.171008870006,1507556033.81
0.0,0.0,1507556033.83
0.489010214806,0.152921013534,1507556033.84
0.492599070072,0.148853905499,1507556033.86
0.485752522945,0.150577142835,1507556033.87
0.48219498992,0.160573996603,1507556033.9
0.0,0.0,1507556033.92
0.487105295062,0.160511679947,1507556033.93
0.486075699329,0.15668682009,1507556033.95
0.0,0.0,1507556033.96
0.488676041365,0.160846311599,1507556033.98
0.493747070432,0.171605013311,1507556033.99
0.0,0.0,1507556034.01
0.491181910038,0.15958070755,1507556034.02
0.0,0.0,1507556034.05
0.513199806213,0.132359474897,1507556034.07
0.485907018185,0.160639077425,1507556034.08
0.0,0.0,1507556034.1
0.486121177673,0.156950488687,1507556034.11
0.464483737946,0.190385177732,1507556034.13
0.0,0.0,1507556034.14
0.491861194372,0.164126358926,1507556034.16
0.0,0.0,1507556034.17
0.486219838262,0.164759747684,1507556034.2
0.456633448601,0.187766432762,1507556034.22
0.0,0.0,1507556034.23
0.477671474218,0.11752380617,1507556034.25
0.483046069741,0.166235543787,1507556034.26
0.0,0.0,1507556034.28
0.48568046093,0.164275474846,1507556034.29
0.490861296654,0.156221985817,1507556034.31
0.486094892025,0.156118042767,1507556034.32
0.485598236322,0.162965800613,1507556034.36
0.0,0.0,1507556034.37
0.488322645426,0.152782134712,1507556034.38
0.490618288517,0.156383186579,1507556034.4
0.0,0.0,1507556034.41
0.494406461716,0.161500085145,1507556034.43
0.493512526155,0.161510795355,1507556034.44
0.0,0.0,1507556034.46
0.495770692825,0.164287850261,1507556034.47
0.0,0.0,1507556034.5
0.495537489653,0.170072615147,1507556034.52
0.462181597948,0.198858723044,1507556034.53
0.0,0.0,1507556034.55
0.489491552114,0.158714771271,1507556034.56
0.491918504238,0.156901977956,1507556034.58
0.0,0.0,1507556034.59
0.496058821678,0.173703238368,1507556034.61
0.0,0.0,1507556034.62
0.495061337948,0.178606249392,1507556034.65
0.488764286041,0.194213457406,1507556034.67
0.0,0.0,1507556034.68
0.487824171782,0.191822133958,1507556034.7
0.488324552774,0.178405486047,1507556034.71
0.0,0.0,1507556034.73
0.492081075907,0.179664358497,1507556034.74
0.490482091904,0.172713316977,1507556034.76
0.484417915344,0.178806915879,1507556034.77
0.484021514654,0.192589871585,1507556034.81
0.0,0.0,1507556034.82
0.513792276382,0.176841080189,1507556034.83
0.491776064038,0.195001736283,1507556034.85
0.0,0.0,1507556034.86
0.493361592293,0.200346581638,1507556034.88
0.49207931757,0.201036922634,1507556034.89
0.0,0.0,1507556034.91
0.490736156702,0.188837237656,1507556034.92
0.0,0.0,1507556034.95
0.493709564209,0.185662336648,1507556034.97
0.494383603334,0.186218820512,1507556034.98
0.0,0.0,1507556035.0
0.489296257496,0.186465345323,1507556035.01
0.484742581844,0.179785691202,1507556035.03
0.0,0.0,1507556035.04
0.486591815948,0.179905302823,1507556035.06
0.0,0.0,1507556035.07
0.507936000824,0.143307283521,1507556035.1
0.483719885349,0.182692527771,1507556035.12
0.0,0.0,1507556035.14
0.479844376445,0.186085537076,1507556035.15
0.484728932381,0.174454264343,1507556035.17
0.4590883255,0.22095400095,1507556035.18
0.479646086693,0.179747372866,1507556035.2
0.47486256063,0.183881029487,1507556035.21
0.475832104683,0.184145182371,1507556035.23
0.478321731091,0.182811684906,1507556035.25
0.0,0.0,1507556035.27
0.516410961747,0.232500061393,1507556035.28
0.733794718981,0.426640048623,1507556035.3
0.7570104599,0.408065021038,1507556035.31
0.82975178957,0.538299649954,1507556035.33
0.861801683903,0.585425168276,1507556035.34
0.0,0.0,1507556035.36
0.855273663998,0.628722548485,1507556035.37
0.0,0.0,1507556035.4
0.870292723179,0.569472074509,1507556035.42
0.88577619195,0.555682748556,1507556035.43
0.0,0.0,1507556035.45
0.878712415695,0.586055338383,1507556035.46
0.872065842152,0.555318534374,1507556035.48
0.0,0.0,1507556035.49
0.871892809868,0.565618753433,1507556035.51
0.0,0.0,1507556035.52
0.870248436928,0.571772515774,1507556035.55
0.874942004681,0.551899373531,1507556035.57
0.0,0.0,1507556035.59
0.879710674286,0.57548058033,1507556035.6
0.879910230637,0.548012793064,1507556035.61
0.0,0.0,1507556035.63
0.870373368263,0.587269663811,1507556035.64
0.8777782619,0.540675342083,1507556035.66
0.0,0.0,1507556035.67
0.870922923088,0.589947581291,1507556035.7
0.885705769062,0.492251873016,1507556035.72
0.870777487755,0.596626996994,1507556035.73
0.870160639286,0.547400563955,1507556035.75
0.0,0.0,1507556035.77
0.866491258144,0.604440510273,1507556035.78
0.881579846144,0.544269755483,1507556035.79
0.0,0.0,1507556035.81
0.87714907527,0.561158299446,1507556035.82
0.0,0.0,1507556035.85
0.870806336403,0.60417509079,1507556035.87
0.881818592548,0.548597335815,1507556035.88
0.0,0.0,1507556035.9
0.865881919861,0.602764070034,1507556035.91
0.874753236771,0.55784073472,1507556035.93
0.860394954681,0.61266130209,1507556035.94
0.858391523361,0.624133765697,1507556035.96
0.0,0.0,1507556035.97
0.86039429903,0.618549108505,1507556036.0
0.863789975643,0.56524181366,1507556036.02
0.0,0.0,1507556036.03
0.863583087921,0.608604252338,1507556036.05
0.864810794592,0.546228662133,1507556036.06
0.858286142349,0.600547015667,1507556036.08
0.855521678925,0.602256298065,1507556036.09
0.871645718813,0.567313045263,1507556036.11
0.861324906349,0.611334323883,1507556036.12
0.877762228251,0.562003135681,1507556036.15
0.865107476711,0.60035187006,1507556036.17
0.0,0.0,1507556036.18
0.0,0.0,1507556036.2
0.0,0.0,1507556036.21
0.0,0.0,1507556036.23
0.0,0.0,1507556036.24
0.0,0.0,1507556036.26
0.863231956959,0.567839413881,1507556036.27
0.853256762028,0.574854314327,1507556036.3
0.880217075348,0.541400969028,1507556036.32
0.884992361069,0.536666423082,1507556036.33
0.0,0.0,1507556036.35
0.882526427507,0.539969950914,1507556036.36
0.884088307619,0.550274342299,1507556036.38
0.859891235828,0.614783346653,1507556036.39
0.884898215532,0.560384601355,1507556036.41
0.860138952732,0.614846587181,1507556036.42
0.880262643099,0.560093790293,1507556036.45
0.869883656502,0.563148379326,1507556036.47
0.0,0.0,1507556036.48
0.866549730301,0.563502013683,1507556036.5
0.866980612278,0.55397939682,1507556036.51
0.0,0.0,1507556036.53
0.867501437664,0.55659365654,1507556036.54
0.868799358606,0.558120191097,1507556036.56
0.874483793974,0.550008267164,1507556036.57
0.876798868179,0.553963989019,1507556036.61
0.858253121376,0.598042011261,1507556036.62
0.862973868847,0.598220288754,1507556036.63
0.875359833241,0.56329190731,1507556036.65
0.0,0.0,1507556036.66
0.835903048515,0.666200459003,1507556036.68
0.873503923416,0.555458426476,1507556036.69
0.0,0.0,1507556036.71
0.862671136856,0.591609120369,1507556036.72
0.0,0.0,1507556036.75
0.861649334431,0.606227278709,1507556036.77
0.857941567898,0.571520358324,1507556036.78
0.0,0.0,1507556036.8
0.878206193447,0.560814380646,1507556036.81
0.88261500001,0.561766684055,1507556036.83
0.0,0.0,1507556036.84
0.881268620491,0.570730000734,1507556036.86
0.0,0.0,1507556036.87
0.88826417923,0.559806287289,1507556036.9
0.878788024187,0.55971327424,1507556036.92
0.0,0.0,1507556036.93
0.866982936859,0.56663775444,1507556036.95
0.876393944025,0.568404525518,1507556036.96
0.0,0.0,1507556036.98
0.878363519907,0.566247910261,1507556036.99
0.876532137394,0.570118129253,1507556037.01
0.873771727085,0.567640036345,1507556037.02
0.869910955429,0.563685268164,1507556037.06
0.0,0.0,1507556037.07
0.853202402592,0.602276086807,1507556037.08
0.832002073526,0.548771351576,1507556037.1
0.0,0.0,1507556037.11
0.595299571753,0.683139204979,1507556037.13
0.473384425044,0.728811502457,1507556037.14
0.0,0.0,1507556037.16
0.457600831985,0.77478992939,1507556037.17
0.0,0.0,1507556037.2
0.447680652142,0.772394299507,1507556037.22
0.479512691498,0.734091073275,1507556037.23
0.0,0.0,1507556037.25
0.503558963537,0.744271337986,1507556037.26
0.475870460272,0.835497736931,1507556037.28
0.0,0.0,1507556037.29
0.505746424198,0.699325203896,1507556037.31
0.0,0.0,1507556037.32
0.496462672949,0.742176175117,1507556037.35
0.468816995621,0.791338086128,1507556037.37
0.0,0.0,1507556037.38
0.455057144165,0.819452404976,1507556037.4
0.467117697001,0.797114253044,1507556037.41
0.0,0.0,1507556037.43
0.452476963401,0.807523816824,1507556037.44
0.458490818739,0.824923336506,1507556037.46
0.48422972858,0.817908108234,1507556037.47
0.468303382397,0.834468305111,1507556037.5
0.0,0.0,1507556037.52
0.478412717581,0.80259090662,1507556037.53
0.466478705406,0.84814876318,1507556037.55
0.0,0.0,1507556037.56
0.455439448357,0.755128741264,1507556037.58
0.467827141285,0.833308577538,1507556037.59
0.0,0.0,1507556037.61
0.488947868347,0.893885374069,1507556037.62
0.0,0.0,1507556037.65
0.508244097233,0.816147148609,1507556037.67
0.504062771797,0.877112567425,1507556037.68
0.0,0.0,1507556037.7
0.471094459295,0.802539408207,1507556037.71
0.496487617493,0.891111910343,1507556037.73
0.0,0.0,1507556037.74
0.507081866264,0.830491483212,1507556037.76
0.0,0.0,1507556037.77
0.525166273117,0.837436139584,1507556037.8
0.491759955883,0.888910353184,1507556037.82
0.0,0.0,1507556037.83
0.447400897741,0.80273604393,1507556037.85
0.499064803123,0.878472864628,1507556037.86
0.0,0.0,1507556037.88
0.440221637487,0.801509439945,1507556037.89
0.505144059658,0.900118231773,1507556037.91
0.480303347111,0.800007343292,1507556037.92
0.501875281334,0.863911271095,1507556037.95
0.0,0.0,1507556037.97
0.495049446821,0.82005417347,1507556037.98
0.511717557907,0.881328880787,1507556038.0
0.0,0.0,1507556038.01
0.456551253796,0.782571315765,1507556038.03
0.492711246014,0.898070216179,1507556038.04
0.0,0.0,1507556038.06
0.504661679268,0.905415356159,1507556038.07
0.0,0.0,1507556038.11
0.466762661934,0.820908367634,1507556038.12
0.513271391392,0.885616838932,1507556038.13
0.0,0.0,1507556038.15
0.475697189569,0.78995937109,1507556038.16
0.499078303576,0.893627464771,1507556038.18
0.0,0.0,1507556038.19
0.48314461112,0.811273515224,1507556038.21
0.0,0.0,1507556038.22
0.475287646055,0.824735403061,1507556038.25
0.503118634224,0.884712338448,1507556038.27
0.0,0.0,1507556038.28
0.511440396309,0.805996477604,1507556038.3
0.496282637119,0.885280072689,1507556038.31
0.0,0.0,1507556038.33
0.487699449062,0.823838382959,1507556038.34
0.460312485695,0.83230638504,1507556038.36
0.490267068148,0.798386693001,1507556038.37
0.452786982059,0.851976335049,1507556038.4
0.0,0.0,1507556038.42
0.484667629004,0.823308616877,1507556038.43
0.463144481182,0.846491575241,1507556038.45
0.0,0.0,1507556038.46
0.510634183884,0.817773759365,1507556038.48
0.477999150753,0.821120679379,1507556038.49
0.0,0.0,1507556038.51
0.464987307787,0.84529030323,1507556038.52
0.0,0.0,1507556038.55
0.500902473927,0.825276434422,1507556038.57
0.506502687931,0.869458377361,1507556038.58
0.0,0.0,1507556038.6
0.48663470149,0.820415467024,1507556038.61
0.460847198963,0.817253768444,1507556038.63
0.0,0.0,1507556038.64
0.499160140753,0.806549191475,1507556038.66
0.0,0.0,1507556038.67
0.516263365746,0.841294646263,1507556038.7
0.467462331057,0.804568886757,1507556038.72
0.0,0.0,1507556038.73
0.503975510597,0.819329500198,1507556038.75
0.502337157726,0.893204271793,1507556038.76
0.0,0.0,1507556038.78
0.480149522424,0.845501065254,1507556038.79
0.451880723238,0.871961116791,1507556038.81
0.486551642418,0.803406536579,1507556038.82
0.472779333591,0.776394248009,1507556038.86
0.483459413052,0.685825824738,1507556038.87
0.501004368067,0.45909447968,1507556038.88
0.50353936851,0.477361947298,1507556038.9
0.47450235486,0.520700871944,1507556038.91
0.501320064068,0.489716038108,1507556038.93
0.505438417196,0.490159720182,1507556038.94
0.0,0.0,1507556038.96
0.477742880583,0.530135333538,1507556038.97
0.481625676155,0.514389753342,1507556039.0
0.530955851078,0.413117691875,1507556039.02
0.508823573589,0.501396000385,1507556039.03
0.483000189066,0.540447831154,1507556039.05
0.478453427553,0.504551768303,1507556039.06
0.429171741009,0.511692017317,1507556039.08
0.0,0.0,1507556039.09
0.431409478188,0.509941697121,1507556039.11
0.407228469849,0.506005764008,1507556039.12
0.429666787386,0.502592027187,1507556039.15
0.436273664236,0.47820609808,1507556039.17
0.405257403851,0.479808479548,1507556039.18
0.436938881874,0.473787888885,1507556039.2
0.445046305656,0.469960302114,1507556039.21
0.406531393528,0.479655683041,1507556039.23
0.444208264351,0.482283145189,1507556039.24
0.430530875921,0.488171905279,1507556039.26
0.477637201548,0.493056297302,1507556039.28
0.45376226306,0.526030182838,1507556039.3
0.456349700689,0.555289626122,1507556039.32
0.465750992298,0.520249724388,1507556039.33
0.0,0.0,1507556039.35
0.450059354305,0.546401381493,1507556039.36
0.466696962714,0.531963586807,1507556039.38
0.475864544511,0.518785834312,1507556039.39
0.0,0.0,1507556039.41
0.48399451375,0.528236240149,1507556039.42
0.0,0.0,1507556039.45
0.487291768193,0.5533593297,1507556039.47
0.486028343439,0.563439667225,1507556039.48
0.0,0.0,1507556039.5
0.482121154666,0.554448962212,1507556039.51
0.498343169689,0.5261246562,1507556039.53
0.0,0.0,1507556039.54
0.468719303608,0.595570921898,1507556039.56
0.0,0.0,1507556039.57
0.0,0.0,1507556039.6
0.0,0.0,1507556039.62
0.0,0.0,1507556039.63
0.0,0.0,1507556039.65
0.0,0.0,1507556039.66
0.0,0.0,1507556039.68
0.0,0.0,1507556039.69
0.0,0.0,1507556039.71
0.0,0.0,1507556039.72
0.0,0.0,1507556039.75
0.0,0.0,1507556039.77
0.0,0.0,1507556039.78
0.0,0.0,1507556039.8
0.0,0.0,1507556039.81
0.332902669907,0.75222158432,1507556039.83
0.262095190585,0.303076192737,1507556039.84
0.322404682636,0.776381373405,1507556039.86
0.354732915759,0.745059907436,1507556039.87
0.0,0.0,1507556039.9
0.358520269394,0.662384927273,1507556039.92
0.359003037214,0.741741985083,1507556039.93
0.331238746643,0.797271668911,1507556039.95
0.407193243504,0.641135692596,1507556039.96
0.401324868202,0.733548045158,1507556039.98
0.469193026423,0.644784748554,1507556039.99
0.54005587101,0.64940559864,1507556040.01
0.533482015133,0.663249671459,1507556040.02
0.501650720835,0.677520483732,1507556040.05
0.453601241112,0.696215867996,1507556040.07
0.518760770559,0.671678721905,1507556040.08
0.517791241407,0.67429959774,1507556040.1
0.497111082077,0.656246632338,1507556040.11
0.485681176186,0.625251889229,1507556040.13
0.475748822093,0.608294427395,1507556040.14
0.489401549101,0.574877083302,1507556040.16
0.479949504137,0.555155217648,1507556040.17
0.476967260242,0.559520959854,1507556040.2
0.478208348155,0.55919444561,1507556040.22
0.490394115448,0.555966049433,1507556040.23
0.491979569197,0.553812965751,1507556040.25
0.485710471869,0.559604644775,1507556040.26
0.487530976534,0.567361414433,1507556040.28
0.492861300707,0.570452928543,1507556040.29
0.502215355635,0.573204517365,1507556040.31
0.494200438261,0.571564227343,1507556040.32
0.4927765131,0.577883601189,1507556040.36
0.486259371042,0.558685034513,1507556040.37
0.480940788984,0.557268351316,1507556040.38
0.48314614594,0.553009033203,1507556040.4
0.484081596136,0.549731463194,1507556040.41
0.489851146936,0.544804036617,1507556040.43
0.489615291357,0.544690743089,1507556040.44
0.491395249963,0.544990092516,1507556040.46
0.490558624268,0.559048384428,1507556040.47
0.487176626921,0.537280678749,1507556040.5
0.482640981674,0.5321521312,1507556040.52
0.49034589529,0.563395470381,1507556040.53
0.488323569298,0.553836107254,1507556040.55
0.496301040053,0.565758794546,1507556040.56
0.494600951672,0.549485772848,1507556040.58
0.494127511978,0.550089210272,1507556040.59
0.492673322558,0.556855887175,1507556040.61
0.497304439545,0.56268465519,1507556040.62
0.493504330516,0.564296454191,1507556040.65
0.518952727318,0.484725296497,1507556040.67
0.476615786552,0.5382117033,1507556040.68
0.481994688511,0.537099614739,1507556040.7
0.483721166849,0.546432286501,1507556040.71
0.48736256361,0.546678751707,1507556040.73
0.472131982446,0.557200700045,1507556040.74
0.471573799849,0.555500626564,1507556040.76
0.486342698336,0.547072440386,1507556040.77
0.481884419918,0.54099175334,1507556040.81
0.484340012074,0.535534828901,1507556040.82
0.47671982646,0.538658425212,1507556040.83
0.445931494236,0.584022879601,1507556040.85
0.474504724145,0.54608976841,1507556040.86
0.477703303099,0.545687705278,1507556040.88
0.483684897423,0.546244293451,1507556040.89
0.488661080599,0.545483469963,1507556040.91
0.4896004498,0.559238821268,1507556040.92
0.490409553051,0.561835616827,1507556040.95
0.456737518311,0.601591408253,1507556040.97
0.51917797327,0.499070852995,1507556040.98
0.488234266639,0.539156287909,1507556041.0
0.488999426365,0.534594908357,1507556041.01
0.495548918843,0.541316390038,1507556041.03
0.502888858318,0.569795668125,1507556041.04
0.499733045697,0.57764044404,1507556041.06
0.49807792902,0.554509222507,1507556041.07
0.497211411595,0.559947192669,1507556041.1
0.502247020602,0.559850350022,1507556041.12
0.488302886486,0.562103778124,1507556041.13
