>>>1507556023.31
112,196,119,203
>>>1507556024.21
loading,0,0,0,0
>>>1507556025.11
112,1732,119,1739
>>>1507556026.01
loading,0,0,0,0
>>>1507556026.91
544,964,551,971
>>>1507556027.81
loading,0,0,0,0
>>>1507556028.71
976,196,983,203
>>>1507556029.61
loading,0,0,0,0
>>>1507556030.51
976,1732,983,1739
>>>1507556031.41
loading,0,0,0,0
>>>1507556032.31
544,196,551,203
>>>1507556033.21
loading,0,0,0,0
>>>1507556034.11
112,964,119,971
>>>1507556035.01
loading,0,0,0,0
>>>1507556035.91
544,1732,551,1739
>>>1507556036.81
loading,0,0,0,0
>>>1507556037.71
976,964,983,971
>>>1507556038.61
loading,0,0,0,0
